34.29 -65.96 0.00 1.00
4.61 -50.02 0.00 1.00
-30.93 -18.64 0.00 1.00
-16.38 84.72 0.00 1.00
40.10 -72.84 0.00 1.00
26.44 49.16 0.00 1.00
3.62 8.30 0.00 1.00
35.40 21.41 0.00 1.00
74.26 28.91 0.00 1.00
36.59 -17.89 0.00 1.00
42.19 22.45 0.00 1.00
-62.30 -12.14 0.00 1.00
-71.68 -59.53 0.00 1.00
-54.94 -7.54 0.00 1.00
12.54 -37.51 0.00 1.00
-43.55 80.76 0.00 1.00
-59.31 -91.57 0.00 1.00
47.24 -12.96 0.00 1.00
-89.58 -95.84 0.00 1.00
30.34 -66.78 0.00 1.00
-6.29 82.15 0.00 1.00
14.39 63.61 0.00 1.00
