34.37 49.42 0.00 1.00
-39.33 -63.52 0.00 1.00
96.74 -29.04 0.00 1.00
54.07 73.36 0.00 1.00
33.06 74.09 0.00 1.00
61.47 43.32 0.00 1.00
-86.73 -45.98 0.00 1.00
-29.98 -81.59 0.00 1.00
-14.25 -94.11 0.00 1.00
70.75 50.53 0.00 1.00
17.05 90.18 0.00 1.00
27.47 92.22 0.00 1.00
-10.01 9.76 0.00 1.00
64.71 -68.35 0.00 1.00
-27.47 -25.60 0.00 1.00
59.66 -97.26 0.00 1.00
-34.78 -16.92 0.00 1.00
8.06 69.38 0.00 1.00
36.81 68.27 0.00 1.00
-59.29 -13.40 0.00 1.00
64.10 -92.35 0.00 1.00
40.99 -2.83 0.00 1.00
