0.000963 0.281718 0.356980
0.179148 0.838135 0.759132
0.939455 0.538072 0.735774
0.413966 0.372810 0.160146
0.530370 0.814544 0.575003
0.931980 0.038490 0.071136
0.786488 0.897598 0.586973
0.500360 0.936656 0.249484
0.553458 0.385783 0.081061
0.967226 0.853685 0.399545
0.170756 0.887229 0.158929
0.888214 0.662768 0.126836
0.208738 0.136785 0.740534
0.252370 0.940364 0.160330
0.575781 0.691070 0.666254
0.153124 0.818977 0.735159
0.551374 0.543326 0.821528
0.946877 0.678603 0.419941
0.160125 0.278858 0.951727
0.221595 0.761007 0.680002
0.350775 0.246255 0.794397
0.473044 0.813541 0.433840
0.444127 0.189592 0.555615
0.443689 0.480386 0.225676
0.078528 0.841638 0.933319
0.812240 0.411723 0.294382
0.311682 0.832597 0.682970
0.432032 0.449412 0.677585
0.167921 0.272330 0.174876
0.246443 0.056316 0.132665
0.969462 0.503912 0.706971
0.750359 0.241052 0.055732
